======================================
Geração: 1
Tamanho da População: 40
O melhor indivíduo:
População: [[5, -2, 29.0], [-5, 2, 29.0], [2, 5, 29.0], [-4, 1, 29.0], [2, 4, 29.0], [-2, 0, 29.0], [-5, 3, 29.0], [-2, 2, 29.0], [4, -4, 32.0], [-4, -4, 32.0], [-3, -2, 32.0], [-1, 2, 32.0], [4, 1, 32.0], [5, 3, 34.0], [-5, -3, 34.0], [-5, 3, 34.0], [-3, -5, 34.0], [5, 3, 34.0], [-5, 3, 34.0], [-3, 5, 34.0], [-4, -5, 34.0], [-2, 4, 34.0], [-1, 0, 34.0], [-5, -3, 34.0], [-1, 2, 34.0], [-1, 1, 34.0], [-5, 3, 34.0], [5, -4, 41.0], [4, -5, 41.0], [-4, -5, 41.0], [4, 5, 41.0], [-5, -4, 41.0], [5, 0, 41.0], [0, 3, 41.0], [1, 2, 41.0], [2, 5, 41.0], [-5, -5, 50.0], [-5, 5, 50.0], [5, -4, 50.0], [-4, -4, 50.0]]
X = 5
Y = -2
Fitness = 29.0


======================================
Geração: 2
Tamanho da População: 40
O melhor indivíduo:
População: [[-5, -4, 34.0], [-1, -4, 34.0], [-3, 3, 34.0], [-3, 5, 34.0], [4, -4, 34.0], [-3, -1, 34.0], [2, 0, 34.0], [4, -2, 34.0], [-4, 3, 34.0], [-5, -3, 34.0], [5, -4, 41.0], [4, -5, 41.0], [-4, -5, 41.0], [4, 5, 41.0], [-5, -4, 41.0], [5, 0, 41.0], [0, 3, 41.0], [1, 2, 41.0], [2, 5, 41.0], [5, 0, 41.0], [0, 3, 41.0], [1, 2, 41.0], [2, 5, 41.0], [4, -2, 41.0], [1, 4, 41.0], [1, 0, 41.0], [3, 1, 41.0], [-5, 0, 41.0], [5, 0, 41.0], [3, 0, 41.0], [-3, -3, 41.0], [3, 0, 41.0], [-5, -5, 50.0], [-5, 5, 50.0], [5, -4, 50.0], [-4, -4, 50.0], [5, -4, 50.0], [-4, -4, 50.0], [-2, -1, 50.0], [-3, -1, 50.0]]
X = -5
Y = -4
Fitness = 34.0


======================================
Geração: 3
Tamanho da População: 40
O melhor indivíduo:
População: [[1, 4, 41.0], [1, 0, 41.0], [3, 1, 41.0], [-5, 0, 41.0], [5, 0, 41.0], [3, 0, 41.0], [-3, -3, 41.0], [3, 0, 41.0], [5, 0, 41.0], [0, 3, 41.0], [1, 2, 41.0], [2, 5, 41.0], [4, -2, 41.0], [1, 4, 41.0], [1, 0, 41.0], [3, 1, 41.0], [-5, 0, 41.0], [5, 0, 41.0], [3, 0, 41.0], [-3, -3, 41.0], [3, 0, 41.0], [3, -2, 41.0], [-3, -4, 41.0], [3, -2, 41.0], [4, 4, 41.0], [-3, -5, 41.0], [-5, -5, 50.0], [-5, 5, 50.0], [5, -4, 50.0], [-4, -4, 50.0], [5, -4, 50.0], [-4, -4, 50.0], [-2, -1, 50.0], [-3, -1, 50.0], [5, -4, 50.0], [-4, -4, 50.0], [-2, -1, 50.0], [-3, -1, 50.0], [2, 5, 50.0], [5, -5, 50.0]]
X = 1
Y = 4
Fitness = 41.0


======================================
Geração: 4
Tamanho da População: 40
O melhor indivíduo:
População: [[1, 0, 41.0], [3, 1, 41.0], [-5, 0, 41.0], [5, 0, 41.0], [3, 0, 41.0], [-3, -3, 41.0], [3, 0, 41.0], [3, -2, 41.0], [-3, -4, 41.0], [3, -2, 41.0], [4, 4, 41.0], [-3, -5, 41.0], [5, -5, 41.0], [-3, 5, 41.0], [-5, -5, 50.0], [-5, 5, 50.0], [5, -4, 50.0], [-4, -4, 50.0], [5, -4, 50.0], [-4, -4, 50.0], [-2, -1, 50.0], [-3, -1, 50.0], [5, -4, 50.0], [-4, -4, 50.0], [-2, -1, 50.0], [-3, -1, 50.0], [2, 5, 50.0], [5, -5, 50.0], [5, -4, 50.0], [-4, -4, 50.0], [-2, -1, 50.0], [-3, -1, 50.0], [2, 5, 50.0], [5, -5, 50.0], [0, -3, 50.0], [4, -4, 50.0], [0, 1, 50.0], [2, 0, 50.0], [-5, -2, 50.0], [4, 5, 50.0]]
X = 1
Y = 0
Fitness = 41.0


======================================
Geração: 5
Tamanho da População: 40
O melhor indivíduo:
População: [[-5, -5, 50.0], [-5, 5, 50.0], [5, -4, 50.0], [-4, -4, 50.0], [5, -4, 50.0], [-4, -4, 50.0], [-2, -1, 50.0], [-3, -1, 50.0], [5, -4, 50.0], [-4, -4, 50.0], [-2, -1, 50.0], [-3, -1, 50.0], [2, 5, 50.0], [5, -5, 50.0], [5, -4, 50.0], [-4, -4, 50.0], [-2, -1, 50.0], [-3, -1, 50.0], [2, 5, 50.0], [5, -5, 50.0], [0, -3, 50.0], [4, -4, 50.0], [0, 1, 50.0], [2, 0, 50.0], [-5, -2, 50.0], [4, 5, 50.0], [5, -4, 50.0], [-4, -4, 50.0], [-2, -1, 50.0], [-3, -1, 50.0], [2, 5, 50.0], [5, -5, 50.0], [0, -3, 50.0], [4, -4, 50.0], [0, 1, 50.0], [2, 0, 50.0], [-5, -2, 50.0], [4, 5, 50.0], [1, -4, 50.0], [2, -3, 50.0]]
X = -5
Y = -5
Fitness = 50.0


======================================
Geração: 6
Tamanho da População: 40
O melhor indivíduo:
População: [[-3, -1, 50.0], [2, 5, 50.0], [5, -5, 50.0], [0, -3, 50.0], [4, -4, 50.0], [0, 1, 50.0], [2, 0, 50.0], [-5, -2, 50.0], [4, 5, 50.0], [5, -4, 50.0], [-4, -4, 50.0], [-2, -1, 50.0], [-3, -1, 50.0], [2, 5, 50.0], [5, -5, 50.0], [0, -3, 50.0], [4, -4, 50.0], [0, 1, 50.0], [2, 0, 50.0], [-5, -2, 50.0], [4, 5, 50.0], [1, -4, 50.0], [2, -3, 50.0], [5, -4, 50.0], [-4, -4, 50.0], [-2, -1, 50.0], [-3, -1, 50.0], [2, 5, 50.0], [5, -5, 50.0], [0, -3, 50.0], [4, -4, 50.0], [0, 1, 50.0], [2, 0, 50.0], [-5, -2, 50.0], [4, 5, 50.0], [1, -4, 50.0], [2, -3, 50.0], [-1, 2, 50.0], [-2, 2, 50.0], [-3, 1, 50.0]]
X = -3
Y = -1
Fitness = 50.0


======================================
Geração: 7
Tamanho da População: 40
O melhor indivíduo:
População: [[4, 5, 50.0], [1, -4, 50.0], [2, -3, 50.0], [5, -4, 50.0], [-4, -4, 50.0], [-2, -1, 50.0], [-3, -1, 50.0], [2, 5, 50.0], [5, -5, 50.0], [0, -3, 50.0], [4, -4, 50.0], [0, 1, 50.0], [2, 0, 50.0], [-5, -2, 50.0], [4, 5, 50.0], [1, -4, 50.0], [2, -3, 50.0], [-1, 2, 50.0], [-2, 2, 50.0], [-3, 1, 50.0], [5, -4, 50.0], [-4, -4, 50.0], [-2, -1, 50.0], [-3, -1, 50.0], [2, 5, 50.0], [5, -5, 50.0], [0, -3, 50.0], [4, -4, 50.0], [0, 1, 50.0], [2, 0, 50.0], [-5, -2, 50.0], [4, 5, 50.0], [1, -4, 50.0], [2, -3, 50.0], [-1, 2, 50.0], [-2, 2, 50.0], [-3, 1, 50.0], [1, -2, 50.0], [-1, -4, 50.0], [-3, 0, 50.0]]
X = 4
Y = 5
Fitness = 50.0


======================================
Geração: 8
Tamanho da População: 40
O melhor indivíduo:
População: [[-4, -4, 50.0], [-2, -1, 50.0], [-3, -1, 50.0], [2, 5, 50.0], [5, -5, 50.0], [0, -3, 50.0], [4, -4, 50.0], [0, 1, 50.0], [2, 0, 50.0], [-5, -2, 50.0], [4, 5, 50.0], [1, -4, 50.0], [2, -3, 50.0], [-1, 2, 50.0], [-2, 2, 50.0], [-3, 1, 50.0], [1, -2, 50.0], [-1, -4, 50.0], [-3, 0, 50.0], [5, -4, 50.0], [-4, -4, 50.0], [-2, -1, 50.0], [-3, -1, 50.0], [2, 5, 50.0], [5, -5, 50.0], [0, -3, 50.0], [4, -4, 50.0], [0, 1, 50.0], [2, 0, 50.0], [-5, -2, 50.0], [4, 5, 50.0], [1, -4, 50.0], [2, -3, 50.0], [-1, 2, 50.0], [-2, 2, 50.0], [-3, 1, 50.0], [1, -2, 50.0], [-1, -4, 50.0], [-3, 0, 50.0], [3, -4, 50.0]]
X = -4
Y = -4
Fitness = 50.0


======================================
Geração: 9
Tamanho da População: 40
O melhor indivíduo:
População: [[0, -3, 50.0], [4, -4, 50.0], [0, 1, 50.0], [2, 0, 50.0], [-5, -2, 50.0], [4, 5, 50.0], [1, -4, 50.0], [2, -3, 50.0], [-1, 2, 50.0], [-2, 2, 50.0], [-3, 1, 50.0], [1, -2, 50.0], [-1, -4, 50.0], [-3, 0, 50.0], [3, -4, 50.0], [5, -4, 50.0], [-4, -4, 50.0], [-2, -1, 50.0], [-3, -1, 50.0], [2, 5, 50.0], [5, -5, 50.0], [0, -3, 50.0], [4, -4, 50.0], [0, 1, 50.0], [2, 0, 50.0], [-5, -2, 50.0], [4, 5, 50.0], [1, -4, 50.0], [2, -3, 50.0], [-1, 2, 50.0], [-2, 2, 50.0], [-3, 1, 50.0], [1, -2, 50.0], [-1, -4, 50.0], [-3, 0, 50.0], [3, -4, 50.0], [3, -5, 50.0], [3, 2, 50.0], [5, 0, 50.0], [-3, 5, 50.0]]
X = 0
Y = -3
Fitness = 50.0


======================================
Geração: 10
Tamanho da População: 40
O melhor indivíduo:
População: [[-5, -2, 50.0], [4, 5, 50.0], [1, -4, 50.0], [2, -3, 50.0], [-1, 2, 50.0], [-2, 2, 50.0], [-3, 1, 50.0], [1, -2, 50.0], [-1, -4, 50.0], [-3, 0, 50.0], [3, -4, 50.0], [3, -5, 50.0], [3, 2, 50.0], [5, 0, 50.0], [-3, 5, 50.0], [5, -4, 50.0], [-4, -4, 50.0], [-2, -1, 50.0], [-3, -1, 50.0], [2, 5, 50.0], [5, -5, 50.0], [0, -3, 50.0], [4, -4, 50.0], [0, 1, 50.0], [2, 0, 50.0], [-5, -2, 50.0], [4, 5, 50.0], [1, -4, 50.0], [2, -3, 50.0], [-1, 2, 50.0], [-2, 2, 50.0], [-3, 1, 50.0], [1, -2, 50.0], [-1, -4, 50.0], [-3, 0, 50.0], [3, -4, 50.0], [3, -5, 50.0], [3, 2, 50.0], [5, 0, 50.0], [-3, 5, 50.0]]
X = -5
Y = -2
Fitness = 50.0


