======================================
Geração: 1
Tamanho da População: 30
O melhor indivíduo:
População: [[52, 308, 1093.09158208181], [214, 94, 1093.09158208181], [-464, 143, 1121.6925955423758], [-204, -205, 1121.6925955423758], [174, 74, 1121.6925955423758], [269, 117, 1125.0011984515074], [55, 223, 1125.0011984515074], [486, 290, 1145.3523064038636], [-193, -229, 1149.7951932277535], [162, -397, 1161.1626430828835], [30, -266, 1161.1626430828835], [-67, -439, 1161.1626430828835], [350, 291, 1171.2294278892255], [278, 115, 1177.3329702189492], [100, -451, 1201.232028976336], [142, 234, 1201.232028976336], [114, 313, 1232.909848875633], [-42, -11, 1232.909848875633], [-207, 276, 1255.6157105141183], [-412, -147, 1255.6157105141183], [123, 301, 1260.661956199815], [428, -475, 1260.661956199815], [-415, 342, 1260.661956199815], [-431, 151, 1285.729462994403], [116, -417, 1368.0355701953595], [337, 411, 1368.0355701953595], [-84, -425, 1368.0355701953595], [266, -431, 1394.7996443309362], [316, -432, 1519.296133904866], [391, -152, 1519.296133904866]]
X = 52
Y = 308
Fitness = 1093.09158208181


======================================
Geração: 2
Tamanho da População: 30
O melhor indivíduo:
População: [[-412, -147, 1255.6157105141183], [-436, -479, 1255.6157105141183], [-358, 481, 1255.6157105141183], [123, 301, 1260.661956199815], [428, -475, 1260.661956199815], [-415, 342, 1260.661956199815], [428, -475, 1260.661956199815], [-415, 342, 1260.661956199815], [-203, -220, 1276.4610203620828], [-54, -438, 1276.4610203620828], [477, -370, 1276.4610203620828], [175, -472, 1279.6541552812], [280, 95, 1279.6541552812], [-431, 151, 1285.729462994403], [24, 479, 1285.729462994403], [116, -417, 1368.0355701953595], [337, 411, 1368.0355701953595], [-84, -425, 1368.0355701953595], [337, 411, 1368.0355701953595], [-84, -425, 1368.0355701953595], [93, -193, 1368.0355701953595], [51, -335, 1371.7688204347392], [-197, 122, 1371.7688204347392], [-282, 476, 1371.7688204347392], [266, -431, 1394.7996443309362], [316, -432, 1519.296133904866], [391, -152, 1519.296133904866], [391, -152, 1519.296133904866], [-403, -189, 1519.296133904866], [-477, 196, 1519.296133904866]]
X = -412
Y = -147
Fitness = 1255.6157105141183


======================================
Geração: 3
Tamanho da População: 30
O melhor indivíduo:
População: [[116, -417, 1368.0355701953595], [337, 411, 1368.0355701953595], [-84, -425, 1368.0355701953595], [337, 411, 1368.0355701953595], [-84, -425, 1368.0355701953595], [93, -193, 1368.0355701953595], [337, 411, 1368.0355701953595], [-84, -425, 1368.0355701953595], [93, -193, 1368.0355701953595], [29, -103, 1368.0355701953595], [51, -335, 1371.7688204347392], [-197, 122, 1371.7688204347392], [-282, 476, 1371.7688204347392], [51, -335, 1371.7688204347392], [-197, 122, 1371.7688204347392], [-282, 476, 1371.7688204347392], [-449, 182, 1371.7688204347392], [483, 394, 1371.7688204347392], [438, 26, 1392.0000920161465], [266, -431, 1394.7996443309362], [-327, 100, 1394.7996443309362], [-27, 214, 1394.7996443309362], [316, -432, 1519.296133904866], [391, -152, 1519.296133904866], [391, -152, 1519.296133904866], [-403, -189, 1519.296133904866], [-477, 196, 1519.296133904866], [391, -152, 1519.296133904866], [-403, -189, 1519.296133904866], [-477, 196, 1519.296133904866]]
X = 116
Y = -417
Fitness = 1368.0355701953595


======================================
Geração: 4
Tamanho da População: 30
O melhor indivíduo:
População: [[-282, 476, 1371.7688204347392], [-449, 182, 1371.7688204347392], [483, 394, 1371.7688204347392], [51, -335, 1371.7688204347392], [-197, 122, 1371.7688204347392], [-282, 476, 1371.7688204347392], [-449, 182, 1371.7688204347392], [483, 394, 1371.7688204347392], [438, 26, 1392.0000920161465], [438, 26, 1392.0000920161465], [217, 103, 1392.0000920161465], [-114, -380, 1392.0000920161465], [-307, 328, 1392.0000920161465], [266, -431, 1394.7996443309362], [-327, 100, 1394.7996443309362], [-27, 214, 1394.7996443309362], [-327, 100, 1394.7996443309362], [-27, 214, 1394.7996443309362], [316, -432, 1519.296133904866], [391, -152, 1519.296133904866], [391, -152, 1519.296133904866], [-403, -189, 1519.296133904866], [-477, 196, 1519.296133904866], [391, -152, 1519.296133904866], [-403, -189, 1519.296133904866], [-477, 196, 1519.296133904866], [391, -152, 1519.296133904866], [-403, -189, 1519.296133904866], [-477, 196, 1519.296133904866], [160, -396, 1519.296133904866]]
X = -282
Y = 476
Fitness = 1371.7688204347392


======================================
Geração: 5
Tamanho da População: 30
O melhor indivíduo:
População: [[217, 103, 1392.0000920161465], [-114, -380, 1392.0000920161465], [-307, 328, 1392.0000920161465], [-105, -81, 1392.0000920161465], [-474, -474, 1392.0000920161465], [-469, -21, 1392.0000920161465], [266, -431, 1394.7996443309362], [-327, 100, 1394.7996443309362], [-27, 214, 1394.7996443309362], [-327, 100, 1394.7996443309362], [-27, 214, 1394.7996443309362], [-327, 100, 1394.7996443309362], [-27, 214, 1394.7996443309362], [497, 391, 1394.7996443309362], [316, -432, 1519.296133904866], [391, -152, 1519.296133904866], [391, -152, 1519.296133904866], [-403, -189, 1519.296133904866], [-477, 196, 1519.296133904866], [391, -152, 1519.296133904866], [-403, -189, 1519.296133904866], [-477, 196, 1519.296133904866], [391, -152, 1519.296133904866], [-403, -189, 1519.296133904866], [-477, 196, 1519.296133904866], [160, -396, 1519.296133904866], [391, -152, 1519.296133904866], [-403, -189, 1519.296133904866], [-477, 196, 1519.296133904866], [160, -396, 1519.296133904866]]
X = 217
Y = 103
Fitness = 1392.0000920161465


======================================
Geração: 6
Tamanho da População: 30
O melhor indivíduo:
População: [[-327, 100, 1394.7996443309362], [-27, 214, 1394.7996443309362], [-327, 100, 1394.7996443309362], [-27, 214, 1394.7996443309362], [497, 391, 1394.7996443309362], [-327, 100, 1394.7996443309362], [-27, 214, 1394.7996443309362], [497, 391, 1394.7996443309362], [-265, 394, 1394.7996443309362], [316, -432, 1519.296133904866], [391, -152, 1519.296133904866], [391, -152, 1519.296133904866], [-403, -189, 1519.296133904866], [-477, 196, 1519.296133904866], [391, -152, 1519.296133904866], [-403, -189, 1519.296133904866], [-477, 196, 1519.296133904866], [391, -152, 1519.296133904866], [-403, -189, 1519.296133904866], [-477, 196, 1519.296133904866], [160, -396, 1519.296133904866], [391, -152, 1519.296133904866], [-403, -189, 1519.296133904866], [-477, 196, 1519.296133904866], [160, -396, 1519.296133904866], [391, -152, 1519.296133904866], [-403, -189, 1519.296133904866], [-477, 196, 1519.296133904866], [160, -396, 1519.296133904866], [182, 27, 1519.296133904866]]
X = -327
Y = 100
Fitness = 1394.7996443309362


======================================
Geração: 7
Tamanho da População: 30
O melhor indivíduo:
População: [[-327, 100, 1394.7996443309362], [-27, 214, 1394.7996443309362], [497, 391, 1394.7996443309362], [-265, 394, 1394.7996443309362], [316, -432, 1519.296133904866], [391, -152, 1519.296133904866], [391, -152, 1519.296133904866], [-403, -189, 1519.296133904866], [-477, 196, 1519.296133904866], [391, -152, 1519.296133904866], [-403, -189, 1519.296133904866], [-477, 196, 1519.296133904866], [391, -152, 1519.296133904866], [-403, -189, 1519.296133904866], [-477, 196, 1519.296133904866], [160, -396, 1519.296133904866], [391, -152, 1519.296133904866], [-403, -189, 1519.296133904866], [-477, 196, 1519.296133904866], [160, -396, 1519.296133904866], [391, -152, 1519.296133904866], [-403, -189, 1519.296133904866], [-477, 196, 1519.296133904866], [160, -396, 1519.296133904866], [182, 27, 1519.296133904866], [391, -152, 1519.296133904866], [-403, -189, 1519.296133904866], [-477, 196, 1519.296133904866], [160, -396, 1519.296133904866], [182, 27, 1519.296133904866]]
X = -327
Y = 100
Fitness = 1394.7996443309362


======================================
Geração: 8
Tamanho da População: 30
O melhor indivíduo:
População: [[-403, -189, 1519.296133904866], [-477, 196, 1519.296133904866], [391, -152, 1519.296133904866], [-403, -189, 1519.296133904866], [-477, 196, 1519.296133904866], [391, -152, 1519.296133904866], [-403, -189, 1519.296133904866], [-477, 196, 1519.296133904866], [160, -396, 1519.296133904866], [391, -152, 1519.296133904866], [-403, -189, 1519.296133904866], [-477, 196, 1519.296133904866], [160, -396, 1519.296133904866], [391, -152, 1519.296133904866], [-403, -189, 1519.296133904866], [-477, 196, 1519.296133904866], [160, -396, 1519.296133904866], [182, 27, 1519.296133904866], [391, -152, 1519.296133904866], [-403, -189, 1519.296133904866], [-477, 196, 1519.296133904866], [160, -396, 1519.296133904866], [182, 27, 1519.296133904866], [391, -152, 1519.296133904866], [-403, -189, 1519.296133904866], [-477, 196, 1519.296133904866], [160, -396, 1519.296133904866], [182, 27, 1519.296133904866], [461, 422, 1519.296133904866], [-357, 95, 1519.296133904866]]
X = -403
Y = -189
Fitness = 1519.296133904866


======================================
Geração: 9
Tamanho da População: 30
O melhor indivíduo:
População: [[-477, 196, 1519.296133904866], [160, -396, 1519.296133904866], [391, -152, 1519.296133904866], [-403, -189, 1519.296133904866], [-477, 196, 1519.296133904866], [160, -396, 1519.296133904866], [391, -152, 1519.296133904866], [-403, -189, 1519.296133904866], [-477, 196, 1519.296133904866], [160, -396, 1519.296133904866], [182, 27, 1519.296133904866], [391, -152, 1519.296133904866], [-403, -189, 1519.296133904866], [-477, 196, 1519.296133904866], [160, -396, 1519.296133904866], [182, 27, 1519.296133904866], [391, -152, 1519.296133904866], [-403, -189, 1519.296133904866], [-477, 196, 1519.296133904866], [160, -396, 1519.296133904866], [182, 27, 1519.296133904866], [461, 422, 1519.296133904866], [-357, 95, 1519.296133904866], [391, -152, 1519.296133904866], [-403, -189, 1519.296133904866], [-477, 196, 1519.296133904866], [160, -396, 1519.296133904866], [182, 27, 1519.296133904866], [461, 422, 1519.296133904866], [-357, 95, 1519.296133904866]]
X = -477
Y = 196
Fitness = 1519.296133904866


======================================
Geração: 10
Tamanho da População: 30
O melhor indivíduo:
População: [[-403, -189, 1519.296133904866], [-477, 196, 1519.296133904866], [160, -396, 1519.296133904866], [182, 27, 1519.296133904866], [391, -152, 1519.296133904866], [-403, -189, 1519.296133904866], [-477, 196, 1519.296133904866], [160, -396, 1519.296133904866], [182, 27, 1519.296133904866], [391, -152, 1519.296133904866], [-403, -189, 1519.296133904866], [-477, 196, 1519.296133904866], [160, -396, 1519.296133904866], [182, 27, 1519.296133904866], [461, 422, 1519.296133904866], [-357, 95, 1519.296133904866], [391, -152, 1519.296133904866], [-403, -189, 1519.296133904866], [-477, 196, 1519.296133904866], [160, -396, 1519.296133904866], [182, 27, 1519.296133904866], [461, 422, 1519.296133904866], [-357, 95, 1519.296133904866], [391, -152, 1519.296133904866], [-403, -189, 1519.296133904866], [-477, 196, 1519.296133904866], [160, -396, 1519.296133904866], [182, 27, 1519.296133904866], [461, 422, 1519.296133904866], [-357, 95, 1519.296133904866]]
X = -403
Y = -189
Fitness = 1519.296133904866


