======================================
Geração: 1
Tamanho da População: 20
O melhor indivíduo:
População: [[1.5757853660730832, -0.06410729204782806, 0.40195147815674553], [1.04586341502718, 0.07789357599075197, 0.40195147815674553], [1.7473774555086719, -0.3726870776187927, 0.40195147815674553], [1.108991950085485, -0.7239760107178133, 0.524656005185831], [1.1920932873705938, 1.8470033763427023, 0.524656005185831], [0.6256325291014457, 0.8529430641721896, 0.610610866086069], [-0.23003579344746816, 1.0025257129159875, 0.610610866086069], [-1.9316915183323689, 1.8734502563333084, 0.610610866086069], [0.0587261917036499, 1.1279846091539607, 0.610610866086069], [-0.1448256582924623, -0.264188345342113, 0.7901001168135587], [1.2077512189568633, 1.6800283581185456, 0.7901001168135587], [-1.2824025577190277, 1.3766108505751125, 0.7901001168135587], [0.9761101009772437, -0.10884700383573254, 1.0115375514993783], [-1.3770022381380347, -0.07212915834630662, 1.0115375514993783], [-0.3388685462714003, -1.9774104076826564, 1.0115375514993783], [1.1835180965027359, 0.8726046740107671, 1.0115375514993783], [1.0468557452845482, 0.24940284525627598, 1.0115375514993783], [0.9579049534335446, -0.06973888547569329, 1.036095728373718], [-0.9612998488789413, -0.5262003919202822, 1.036095728373718], [1.1514645272209165, -0.35126722209307015, 1.036095728373718]]
X = 0.9579049534335446
Y = -0.06973888547569329
Fitness = 1.036095728373718


======================================
Geração: 2
Tamanho da População: 20
O melhor indivíduo:
População: [[1.269058988865304, 0.9520310207977993, 0.8947123711524795], [-1.2112947983045266, 1.2728225202868706, 0.8947123711524795], [1.4040759154602367, 0.4116545139196828, 0.8947123711524795], [0.9761101009772437, -0.10884700383573254, 1.0115375514993783], [-1.3770022381380347, -0.07212915834630662, 1.0115375514993783], [-0.3388685462714003, -1.9774104076826564, 1.0115375514993783], [1.1835180965027359, 0.8726046740107671, 1.0115375514993783], [1.0468557452845482, 0.24940284525627598, 1.0115375514993783], [-1.3770022381380347, -0.07212915834630662, 1.0115375514993783], [-0.3388685462714003, -1.9774104076826564, 1.0115375514993783], [1.1835180965027359, 0.8726046740107671, 1.0115375514993783], [1.0468557452845482, 0.24940284525627598, 1.0115375514993783], [-1.445240261850893, -1.359774588168286, 1.0115375514993783], [0.9579049534335446, -0.06973888547569329, 1.036095728373718], [-0.9612998488789413, -0.5262003919202822, 1.036095728373718], [1.1514645272209165, -0.35126722209307015, 1.036095728373718], [-0.9612998488789413, -0.5262003919202822, 1.036095728373718], [1.1514645272209165, -0.35126722209307015, 1.036095728373718], [-0.6508300464848666, -0.282220564698314, 1.036095728373718], [-0.7465245778428597, 0.8356823311778987, 1.036095728373718]]
X = 0.9579049534335446
Y = -0.06973888547569329
Fitness = 1.036095728373718


======================================
Geração: 3
Tamanho da População: 20
O melhor indivíduo:
População: [[-1.445240261850893, -1.359774588168286, 1.0115375514993783], [-1.3770022381380347, -0.07212915834630662, 1.0115375514993783], [-0.3388685462714003, -1.9774104076826564, 1.0115375514993783], [1.1835180965027359, 0.8726046740107671, 1.0115375514993783], [1.0468557452845482, 0.24940284525627598, 1.0115375514993783], [-1.445240261850893, -1.359774588168286, 1.0115375514993783], [-1.5161476607832118, 0.13451765287919093, 1.0115375514993783], [0.9579049534335446, -0.06973888547569329, 1.036095728373718], [-0.9612998488789413, -0.5262003919202822, 1.036095728373718], [1.1514645272209165, -0.35126722209307015, 1.036095728373718], [-0.9612998488789413, -0.5262003919202822, 1.036095728373718], [1.1514645272209165, -0.35126722209307015, 1.036095728373718], [-0.6508300464848666, -0.282220564698314, 1.036095728373718], [-0.7465245778428597, 0.8356823311778987, 1.036095728373718], [-0.9612998488789413, -0.5262003919202822, 1.036095728373718], [1.1514645272209165, -0.35126722209307015, 1.036095728373718], [-0.6508300464848666, -0.282220564698314, 1.036095728373718], [-0.7465245778428597, 0.8356823311778987, 1.036095728373718], [0.3108311217903843, 1.8393167665389707, 1.036095728373718], [-0.8228177420598559, -1.7298876517576023, 1.036095728373718]]
X = 0.9579049534335446
Y = -0.06973888547569329
Fitness = 1.036095728373718


======================================
Geração: 4
Tamanho da População: 20
O melhor indivíduo:
População: [[-0.9612998488789413, -0.5262003919202822, 1.036095728373718], [1.1514645272209165, -0.35126722209307015, 1.036095728373718], [-0.9612998488789413, -0.5262003919202822, 1.036095728373718], [1.1514645272209165, -0.35126722209307015, 1.036095728373718], [-0.6508300464848666, -0.282220564698314, 1.036095728373718], [-0.7465245778428597, 0.8356823311778987, 1.036095728373718], [-0.9612998488789413, -0.5262003919202822, 1.036095728373718], [1.1514645272209165, -0.35126722209307015, 1.036095728373718], [-0.6508300464848666, -0.282220564698314, 1.036095728373718], [-0.7465245778428597, 0.8356823311778987, 1.036095728373718], [0.3108311217903843, 1.8393167665389707, 1.036095728373718], [-0.8228177420598559, -1.7298876517576023, 1.036095728373718], [-0.9612998488789413, -0.5262003919202822, 1.036095728373718], [1.1514645272209165, -0.35126722209307015, 1.036095728373718], [-0.6508300464848666, -0.282220564698314, 1.036095728373718], [-0.7465245778428597, 0.8356823311778987, 1.036095728373718], [0.3108311217903843, 1.8393167665389707, 1.036095728373718], [-0.8228177420598559, -1.7298876517576023, 1.036095728373718], [1.870131144079132, -0.7842488191934329, 1.036095728373718], [-1.6702102149310827, 0.9779565745609005, 1.036095728373718]]
X = -0.9612998488789413
Y = -0.5262003919202822
Fitness = 1.036095728373718


======================================
Geração: 5
Tamanho da População: 20
O melhor indivíduo:
População: [[-0.6508300464848666, -0.282220564698314, 1.036095728373718], [-0.7465245778428597, 0.8356823311778987, 1.036095728373718], [0.3108311217903843, 1.8393167665389707, 1.036095728373718], [-0.8228177420598559, -1.7298876517576023, 1.036095728373718], [-0.9612998488789413, -0.5262003919202822, 1.036095728373718], [1.1514645272209165, -0.35126722209307015, 1.036095728373718], [-0.6508300464848666, -0.282220564698314, 1.036095728373718], [-0.7465245778428597, 0.8356823311778987, 1.036095728373718], [0.3108311217903843, 1.8393167665389707, 1.036095728373718], [-0.8228177420598559, -1.7298876517576023, 1.036095728373718], [1.870131144079132, -0.7842488191934329, 1.036095728373718], [-1.6702102149310827, 0.9779565745609005, 1.036095728373718], [-0.9612998488789413, -0.5262003919202822, 1.036095728373718], [1.1514645272209165, -0.35126722209307015, 1.036095728373718], [-0.6508300464848666, -0.282220564698314, 1.036095728373718], [-0.7465245778428597, 0.8356823311778987, 1.036095728373718], [0.3108311217903843, 1.8393167665389707, 1.036095728373718], [-0.8228177420598559, -1.7298876517576023, 1.036095728373718], [1.870131144079132, -0.7842488191934329, 1.036095728373718], [-1.6702102149310827, 0.9779565745609005, 1.036095728373718]]
X = -0.6508300464848666
Y = -0.282220564698314
Fitness = 1.036095728373718


======================================
Geração: 6
Tamanho da População: 20
O melhor indivíduo:
População: [[0.3108311217903843, 1.8393167665389707, 1.036095728373718], [-0.8228177420598559, -1.7298876517576023, 1.036095728373718], [1.870131144079132, -0.7842488191934329, 1.036095728373718], [-1.6702102149310827, 0.9779565745609005, 1.036095728373718], [-0.9612998488789413, -0.5262003919202822, 1.036095728373718], [1.1514645272209165, -0.35126722209307015, 1.036095728373718], [-0.6508300464848666, -0.282220564698314, 1.036095728373718], [-0.7465245778428597, 0.8356823311778987, 1.036095728373718], [0.3108311217903843, 1.8393167665389707, 1.036095728373718], [-0.8228177420598559, -1.7298876517576023, 1.036095728373718], [1.870131144079132, -0.7842488191934329, 1.036095728373718], [-1.6702102149310827, 0.9779565745609005, 1.036095728373718], [-0.9612998488789413, -0.5262003919202822, 1.036095728373718], [1.1514645272209165, -0.35126722209307015, 1.036095728373718], [-0.6508300464848666, -0.282220564698314, 1.036095728373718], [-0.7465245778428597, 0.8356823311778987, 1.036095728373718], [0.3108311217903843, 1.8393167665389707, 1.036095728373718], [-0.8228177420598559, -1.7298876517576023, 1.036095728373718], [1.870131144079132, -0.7842488191934329, 1.036095728373718], [-1.6702102149310827, 0.9779565745609005, 1.036095728373718]]
X = 0.3108311217903843
Y = 1.8393167665389707
Fitness = 1.036095728373718


======================================
Geração: 7
Tamanho da População: 20
O melhor indivíduo:
População: [[0.3108311217903843, 1.8393167665389707, 1.036095728373718], [-0.8228177420598559, -1.7298876517576023, 1.036095728373718], [1.870131144079132, -0.7842488191934329, 1.036095728373718], [-1.6702102149310827, 0.9779565745609005, 1.036095728373718], [-0.9612998488789413, -0.5262003919202822, 1.036095728373718], [1.1514645272209165, -0.35126722209307015, 1.036095728373718], [-0.6508300464848666, -0.282220564698314, 1.036095728373718], [-0.7465245778428597, 0.8356823311778987, 1.036095728373718], [0.3108311217903843, 1.8393167665389707, 1.036095728373718], [-0.8228177420598559, -1.7298876517576023, 1.036095728373718], [1.870131144079132, -0.7842488191934329, 1.036095728373718], [-1.6702102149310827, 0.9779565745609005, 1.036095728373718], [-0.9612998488789413, -0.5262003919202822, 1.036095728373718], [1.1514645272209165, -0.35126722209307015, 1.036095728373718], [-0.6508300464848666, -0.282220564698314, 1.036095728373718], [-0.7465245778428597, 0.8356823311778987, 1.036095728373718], [0.3108311217903843, 1.8393167665389707, 1.036095728373718], [-0.8228177420598559, -1.7298876517576023, 1.036095728373718], [1.870131144079132, -0.7842488191934329, 1.036095728373718], [-1.6702102149310827, 0.9779565745609005, 1.036095728373718]]
X = 0.3108311217903843
Y = 1.8393167665389707
Fitness = 1.036095728373718


======================================
Geração: 8
Tamanho da População: 20
O melhor indivíduo:
População: [[0.3108311217903843, 1.8393167665389707, 1.036095728373718], [-0.8228177420598559, -1.7298876517576023, 1.036095728373718], [1.870131144079132, -0.7842488191934329, 1.036095728373718], [-1.6702102149310827, 0.9779565745609005, 1.036095728373718], [-0.9612998488789413, -0.5262003919202822, 1.036095728373718], [1.1514645272209165, -0.35126722209307015, 1.036095728373718], [-0.6508300464848666, -0.282220564698314, 1.036095728373718], [-0.7465245778428597, 0.8356823311778987, 1.036095728373718], [0.3108311217903843, 1.8393167665389707, 1.036095728373718], [-0.8228177420598559, -1.7298876517576023, 1.036095728373718], [1.870131144079132, -0.7842488191934329, 1.036095728373718], [-1.6702102149310827, 0.9779565745609005, 1.036095728373718], [-0.9612998488789413, -0.5262003919202822, 1.036095728373718], [1.1514645272209165, -0.35126722209307015, 1.036095728373718], [-0.6508300464848666, -0.282220564698314, 1.036095728373718], [-0.7465245778428597, 0.8356823311778987, 1.036095728373718], [0.3108311217903843, 1.8393167665389707, 1.036095728373718], [-0.8228177420598559, -1.7298876517576023, 1.036095728373718], [1.870131144079132, -0.7842488191934329, 1.036095728373718], [-1.6702102149310827, 0.9779565745609005, 1.036095728373718]]
X = 0.3108311217903843
Y = 1.8393167665389707
Fitness = 1.036095728373718


======================================
Geração: 9
Tamanho da População: 20
O melhor indivíduo:
População: [[0.3108311217903843, 1.8393167665389707, 1.036095728373718], [-0.8228177420598559, -1.7298876517576023, 1.036095728373718], [1.870131144079132, -0.7842488191934329, 1.036095728373718], [-1.6702102149310827, 0.9779565745609005, 1.036095728373718], [-0.9612998488789413, -0.5262003919202822, 1.036095728373718], [1.1514645272209165, -0.35126722209307015, 1.036095728373718], [-0.6508300464848666, -0.282220564698314, 1.036095728373718], [-0.7465245778428597, 0.8356823311778987, 1.036095728373718], [0.3108311217903843, 1.8393167665389707, 1.036095728373718], [-0.8228177420598559, -1.7298876517576023, 1.036095728373718], [1.870131144079132, -0.7842488191934329, 1.036095728373718], [-1.6702102149310827, 0.9779565745609005, 1.036095728373718], [-0.9612998488789413, -0.5262003919202822, 1.036095728373718], [1.1514645272209165, -0.35126722209307015, 1.036095728373718], [-0.6508300464848666, -0.282220564698314, 1.036095728373718], [-0.7465245778428597, 0.8356823311778987, 1.036095728373718], [0.3108311217903843, 1.8393167665389707, 1.036095728373718], [-0.8228177420598559, -1.7298876517576023, 1.036095728373718], [1.870131144079132, -0.7842488191934329, 1.036095728373718], [-1.6702102149310827, 0.9779565745609005, 1.036095728373718]]
X = 0.3108311217903843
Y = 1.8393167665389707
Fitness = 1.036095728373718


======================================
Geração: 10
Tamanho da População: 20
O melhor indivíduo:
População: [[0.3108311217903843, 1.8393167665389707, 1.036095728373718], [-0.8228177420598559, -1.7298876517576023, 1.036095728373718], [1.870131144079132, -0.7842488191934329, 1.036095728373718], [-1.6702102149310827, 0.9779565745609005, 1.036095728373718], [-0.9612998488789413, -0.5262003919202822, 1.036095728373718], [1.1514645272209165, -0.35126722209307015, 1.036095728373718], [-0.6508300464848666, -0.282220564698314, 1.036095728373718], [-0.7465245778428597, 0.8356823311778987, 1.036095728373718], [0.3108311217903843, 1.8393167665389707, 1.036095728373718], [-0.8228177420598559, -1.7298876517576023, 1.036095728373718], [1.870131144079132, -0.7842488191934329, 1.036095728373718], [-1.6702102149310827, 0.9779565745609005, 1.036095728373718], [-0.9612998488789413, -0.5262003919202822, 1.036095728373718], [1.1514645272209165, -0.35126722209307015, 1.036095728373718], [-0.6508300464848666, -0.282220564698314, 1.036095728373718], [-0.7465245778428597, 0.8356823311778987, 1.036095728373718], [0.3108311217903843, 1.8393167665389707, 1.036095728373718], [-0.8228177420598559, -1.7298876517576023, 1.036095728373718], [1.870131144079132, -0.7842488191934329, 1.036095728373718], [-1.6702102149310827, 0.9779565745609005, 1.036095728373718]]
X = 0.3108311217903843
Y = 1.8393167665389707
Fitness = 1.036095728373718


